sensor_id: 1
camera_matrix:
- - 1272.1307659525353
  - 0.0
  - 596.4693555641906
- - 0.0
  - 1272.4512043520833
  - 408.78422438224237
- - 0.0
  - 0.0
  - 1.0
distortion_coefficients:
- - 0.043483929124154205
  - 0.3493758245440662
  - -0.00035307449509553286
  - -0.02021752907514657
  - -1.2183359557976643
  
RMS re-projection error: 1.8956136645711121