sensor_id: 0
camera_matrix:
- - 1268.75384945145
  - 0.0
  - 575.5731890683116
- - 0.0
  - 1263.920669203782
  - 381.27779261193115
- - 0.0
  - 0.0
  - 1.0
distortion_coefficients:
- - 0.13430946385214065
  - -0.25562918496304343
  - 0.008371899342633125
  - -0.02350949684339358
  - -0.13930759090173184
RMS re-projection error: 1.4188105311668304