camera_matrix:
- - 651.9644597385302
  - 0.0
  - 328.3043062457248
- - 0.0
  - 867.2513538158651
  - 284.9370868312213
- - 0.0
  - 0.0
  - 1.0
distortion_coefficients:
- - 0.19338107228731066
  - -0.47454728277365593
  - 0.009396638166187937
  - 0.0054564088392616466
  - 0.23229016069430222
RMS re-projection error: 1.2386179795515995