camera_matrix:
- - 643.5686078170228
  - 0.0
  - 315.41050974708014
- - 0.0
  - 852.4403291285304
  - 263.73660422041263
- - 0.0
  - 0.0
  - 1.0
distortion_coefficients:
- - 0.21415275666217667
  - -0.5427658832326139
  - 0.013889506517694149
  - -0.0016679058534505003
  - 0.29443837620142216
RMS re-projection error: 0.8409762393001589