sensor: 1 
resolution: "1920*1080"
camera_matrix:
- - 2672.540241152198
  - 0.0
  - 1021.432169215437
- - 0.0
  - 2678.01472952426
  - 589.7939094558837
- - 0.0
  - 0.0
  - 1.0
distortion_coefficients:
- - 0.09925253531670854
  - 1.667554126641277
  - -0.011720011255958597
  - 0.012506408225010889
  - -8.86392114085605
RMS re-projection error: 1.6314168414424008