sensor: 0
Resolution : "1920*1080"
camera_matrix:
- - 2645.6977645540114
  - 0.0
  - 870.587707567818
- - 0.0
  - 2649.787637164052
  - 497.1968045729468
- - 0.0
  - 0.0
  - 1.0
distortion_coefficients:
- - 0.3050833094699311
  - 0.1448153970590922
  - -0.01904299440788669
  - -0.014697984221992016
  - -8.589375106029445
